
0
[
  [[1, 2, 6, 9, 10, 11, 15, 16, 17, 19], 0.101653]
]

1
[
  [[5, 8, 12, 15, 16, 19], 0.32882]
]

2
[
  [[7, 8, 16, 17], 0.348956]
]

3
[
  [[1, 5, 9, 10, 17], 0.369172]
]

4
[
  [[10, 17, 18], 0.695056]
]

5
[
  [[3, 6, 11, 12, 17, 19], 0.547342]
]

6
[
  [[3, 4, 5, 13, 14], 0.595202]
]

7
[
  [[1, 2, 4, 6, 9, 10], 0.0796228]
]

8
[
  [[1, 2, 5, 7, 12, 13, 15], 0.0992823]
]

9
[
  [[1, 3, 7, 12], 0.455606]
]

10
[
  [[3, 4, 5], 0.470547]
]

11
[
  [[14, 15, 16, 17, 18], 0.732809]
]

12
[
  [[1, 5, 6, 7, 8, 15], 0.379243]
]

13
[
  [[11, 14, 15, 19], 0.153907]
]

14
[
  [[5, 6, 7, 11], 0.764114]
]

15
[
  [[1, 11, 16], 0.51477]
]

16
[
  [[1, 2, 11, 15], 0.577271]
]

17
[
  [[3, 4, 5, 11, 18], 0.591271]
]

18
[
  [[4, 11, 17], 0.624479]
]

19
[
  [[5, 6, 8, 11, 13, 17], 0.13617]
]
