
0
[
  [[1, 2, 14, 15, 22, 25], 0.260901]
]

1
[
  [[0, 3, 13], 0.448614]
]

2
[
  [[4, 8, 17], 0.912383]
]

3
[
  [[2, 13, 17, 18], 0.705921]
]

4
[
  [[8, 11, 16, 24], 0.765658]
]

5
[
  [[6, 7, 14], 1.04487]
]

6
[
  [[8, 23, 24], 0.927457]
]

7
[
  [[5, 9, 20], 1.04036]
]

8
[
  [[4, 6, 11, 16], 1.07676]
]

9
[
  [[3, 7, 12], 1.13974]
]

10
[
  [[4, 7, 8, 9, 16], 0.156115]
]

11
[
  [[4, 8], 0.506631]
]

12
[
  [[3, 9, 26], 1.10554]
]

13
[
  [[1, 3, 15], 0.395871]
]

14
[
  [[5, 15, 16, 25], 0.760829]
]

15
[
  [[5, 7, 9, 13, 14, 25], 0.29189]
]

16
[
  [[4, 8, 10], 0.964058]
]

17
[
  [[2, 3], 0.847485]
]

18
[
  [[2, 3], 0.605494]
]

19
[
  [[14, 15, 20], 0.584906]
]

20
[
  [[7, 14, 15, 19, 25], 0.551486]
]

21
[
  [[2, 4, 8, 16, 24], 0.101832]
]

22
[
  [[5, 13, 14, 15, 20, 25], 0.476728]
]

23
[
  [[6, 24], 0.904109]
]

24
[
  [[4, 6, 23], 0.748589]
]

25
[
  [[0, 5, 7, 14, 15, 22], 0.476157]
]

26
[
  [[3, 12], 0.677361]
]
